[[    0     0     0     0     0     0     0     0     0     0   163     0]
 [    0     0     0     0     0     0     0     0     0     0   438     0]
 [    0     0     0     0     0     0     0     0     0     0   326     0]
 [    0     0     0     0     0     0     0     0     0     0   669     0]
 [    0     0     0     0     0     0     0     0     0     0  1464     0]
 [    0     0     0     0     0     0     0     0     0     0   686     0]
 [    0     0     0     0     0     0     0     0     0     0   800     0]
 [    0     0     0     0     0     0     0 37256     0     0     0     0]
 [    0     0     0     0     0     0     0     0     0     0   212     0]
 [    0     0     0     0     0     0     0     0     0     0    56     0]
 [    0     0     0     0     0     0     0     0     0     0 18933     0]
 [    0     0     0     0     0     0     0     0     0     0  3033     0]]
Accuracy: 0.877460
clf = GradientBoostingClassifier(n_estimators=70,verbose=100)