[[    0     0     0     0     0     0     0     0     0     0   171     0]
 [    0     0     0     0     0     0     0     0     0     0   435     0]
 [    0     0     0     0     0     0     0     0     0     0   318     0]
 [    0     0     0     0     0     0     0     0     0     0   703     0]
 [    0     0     0     0     0     0     0     0     0     0  1532     0]
 [    0     0     0     0     0     0     0     0     0     0   665     0]
 [    0     0     0     0     0     0     0     0     0     0   864     0]
 [    0     0     0     0     0     0     0 37326     0     0     0     0]
 [    0     0     0     0     0     0     0     0     0     0   236     0]
 [    0     0     0     0     0     0     0     0     0     0    65     0]
 [    0     0     0     0     0     0     0     0     0     0 18661     0]
 [    0     0     0     0     0     0     0     0     0     0  3060     0]]
Accuracy: 0.874305
Precision: 0.786488
Recall: 0.874305
agd = Adagrad(lr=0.01, epsilon=1e-6)
clf.fit(x_train.values,y_train.values,batch_size=1,nb_epoch=25)