[[    0     0     0     0     0     0     0     0     0   170     0]
 [    0     0     0     0     0     0     0     0     0   420     0]
 [    0     0     0     0     0     0     0     0     0   350     0]
 [    0     0     0     0     0     0     0     0     0   701     0]
 [    0     0     0     0     0     0     0     0     0  1488     0]
 [    0     0     0     0     0     0     0     0     0   686     0]
 [    0     0     0     0     0     0     0     0     0   819     0]
 [    0     0     0     0     0     0     0     0     0   222     0]
 [    0     0     0     0     0     0     0     0     0    69     0]
 [    0     0     1     0     4     0     0     0     0 18743     4]
 [    0     0     0     0     0     0     0     0     0  2995     1]]
Accuracy: 0.702733
OneVsOneClassifier(...)
clf = GradientBoostingClassifier(n_estimators=50,verbose=100)