[[    0     0     0     0     0     0     0     0     0     0   149     0]
 [    0     0     0     0     0     0     0     0     0     1   436     0]
 [    2     0     0     0     0     1     0     0     0     0   350     0]
 [    0     0     0     0     0     0     0     0     0     0   701     0]
 [    0     1     0     0     0     0     0     0     0     1  1505     0]
 [    1     0     0     0     0     0     0     0     0     0   723     0]
 [    0     0     0     0     0     0     0     0     0     0   875     0]
 [    0     0     0     0     0     0     0 37218     0     0     0     0]
 [    0     0     0     0     0     0     0     0     0     0   227     0]
 [    0     0     0     0     0     0     0     0     0     0    83     0]
 [    4     1     7     1     0     0     0     0     1     6 18727     0]
 [    1     0     0     1     0     0     0     0     0     0  3013     0]]
Accuracy: 0.873649
OneVsAllClassifier(...)
clf = GradientBoostingClassifier(n_estimators=30,verbose=100)