[[    0     0     0     0     0     0     0     0     0     0   153     2]
 [    0     0     0     0     0     0     0     0     0     0   408     2]
 [    0     0     0     0     0     0     0     0     0     0   314     1]
 [    0     0     0     0     0     0     0     0     0     0   685     3]
 [    0     0     0     0     0     0     0     0     0     0  1475     3]
 [    0     0     0     0     0     0     0     0     0     0   685     0]
 [    0     0     0     0     0     0     0     0     0     0   840     0]
 [    0     0     0     0     0     0     0 37628     0     0     0     0]
 [    0     0     0     0     0     0     0     0     0     0   246     1]
 [    0     0     0     0     0     0     0     0     0     0    72     0]
 [    3     1     0     0     0     0     0     0     0     0 18496    31]
 [    0     1     0     0     0     0     0     0     0     0  2978     8]]
Accuracy: 0.876569
OneVsOneClassifier(...)
clf = GradientBoostingClassifier(n_estimators=30,verbose=100)