[[    8     0     0     0     0     0     0     0     1     0     0   163]
 [    9     0     0     0     0     0     0     0     1     0     0   436]
 [    5     0     0     0     0     0     0     0     3     0     0   294]
 [   11     0     0     0     0     0     0     0     3     0     0   635]
 [   25     0     0     0     0     0     0     0     3     0     0  1462]
 [   11     0     0     0     0     0     0     0     4     0     0   682]
 [   19     0     0     0     0     0     0     0     6     0     0   842]
 [    0     0     0     0     0     0     0 37418     0     0     0     0]
 [    5     0     0     0     0     0     0     0     1     0     0   221]
 [    1     0     0     0     0     0     0     0     1     0     0    64]
 [  482     0     0     0     0     0     0     0    65     0     0 18096]
 [   60     0     0     0     0     0     0     0    12     0     0  2987]]
Accuracy: 0.631114
clf = QuadraticDiscriminantAnalysis(0.00001)