[[    0     0     0     0     4     2     0     0     1     0   152     3]
 [    0     2     2     1     7     3     1     0     0     0   405    16]
 [    1     2     2     1     6     1     1     0     1     0   292    11]
 [    1     5     0     6     7     3     6     0     2     0   630    27]
 [    1     4     3     8    20    12    20     0     5     1  1427    49]
 [    0     3     1     3     9     5     8     0     0     1   645    22]
 [    1     5     1     5    14    11     6     0     0     1   769    28]
 [    0     0     0     0     0     0     0 37528     0     0     0     0]
 [    0     2     1     1     2     3     0     0     0     0   169     7]
 [    0     0     0     1     1     1     1     0     1     0    66     1]
 [   13    47    28    71   208   105   120     0    33     3 17402   549]
 [    2     7     7    17    33    14    28     0     5     3  2746   118]]
Accuracy: 0.860282
clf = RandomForestClassifier(n_estimators=1000)