[[    0     0     0     0     0     0     0     0     0     0   173     1]
 [    0     0     0     0     1     0     1     0     0     0   461     5]
 [    0     1     0     0     1     0     0     0     0     0   317     6]
 [    0     0     0     1     4     0     0     0     1     0   671    11]
 [    0     2     0     0     5     2     0     0     0     0  1503    22]
 [    0     2     0     0     3     0     1     0     0     1   655    11]
 [    0     0     0     0     7     0     0     0     0     0   840    13]
 [    0     0     0     0     0     0     0 37322     0     0     0     0]
 [    0     0     0     0     1     0     0     0     0     0   220     5]
 [    0     0     0     0     0     0     1     0     0     0    57     1]
 [    1     4     4     9    44    16    19     0     1     2 18406   239]
 [    0     0     1     8     4     0     3     0     1     1  2881    63]]
Accuracy: 0.871338
QuadraticDiscriminantAnalysis()
clf = RandomForestClassifier(n_estimators=1000)