[[    0     0     0     0     1     0     0     0     0     0   160     1]
 [    0     0     1     1     1     0     0     0     0     0   454     0]
 [    0     0     0     0     1     0     0     0     0     0   342     2]
 [    0     0     0     1     3     1     1     0     0     0   680     4]
 [    0     0     0     0     7     0     1     0     0     0  1544     9]
 [    0     0     0     0     1     0     0     0     0     0   652     4]
 [    0     0     0     1     0     0     1     0     0     0   806     4]
 [    0     0     0     0     0     0     0 37392     0     0     0     0]
 [    0     0     0     0     0     1     0     0     0     0   248     0]
 [    0     0     0     0     1     0     0     0     0     0    77     0]
 [    0     2     1     4    27     2     5     0     0     0 18517    67]
 [    0     1     1     1     5     1     4     0     0     0  2970    25]]
Accuracy: 0.873618{'booster': 'gbtree', 'objective': 'multi:softmax', 'max_depth': 100, 'num_class': 12, 'subsample': 1.0, 'gamma': 0.1, 'base_score': 0.5, 'silent': 0, 'eta': 0.1, 'nthread': 5}