[[    0     0     1     1     4     0     0     0     0     0   149     5]
 [    0     0     0     1     7     0     1     0     0     0   362    19]
 [    0     1     0     2    10     1     5     0     0     0   289    12]
 [    1     1     1     6    17     7     7     0     0     0   645    37]
 [    2     5     0    13    33    13    17     0     3     0  1291    82]
 [    1     4     0     6    15     5     6     0     1     0   624    38]
 [    0     0     2     4    17     7     9     0     0     0   757    56]
 [    0     0     0     0     0     0     0 37424     0     0     0     0]
 [    0     1     1     1     5     2     2     0     2     0   197    12]
 [    0     0     0     1     0     1     0     0     1     1    68     5]
 [   10    49    25    81   294    85   127     0     4     2 17085   859]
 [    1     7     3    13    55    12    19     0     2     2  2802   172]]
Accuracy: 0.854785{'silent': 0, 'booster': 'gbtree', 'objective': 'multi:softmax', 'max_depth': 100, 'min_child_weight': 0.01, 'num_class': 12, 'eta': 0.9, 'base_score': 0.5, 'subsample': 1.0, 'nthread': 5, 'gamma': 0.1}