[[    0     0     0     1     3     1     0     0     0     0   148     5]
 [    0     1     1     5     6     3     4     0     1     0   371    26]
 [    1     1     0     3     7     2     3     0     0     0   301    18]
 [    0     2     0     3    18     5     7     0     0     0   597    42]
 [    2     3     5     8    41     9    10     0     2     0  1323   107]
 [    0     2     0     3    22     3     9     0     1     1   610    48]
 [    0     1     3     8    15     5     5     0     1     0   757    56]
 [    0     0     0     0     0     0     0 37272     0     0     0     0]
 [    0     0     0     1     6     1     0     0     0     0   214    10]
 [    0     0     0     1     2     0     0     0     1     0    62     2]
 [   14    37    29    95   340   103   129     0    12     0 17092   942]
 [    0    11     4    11    50    17    17     0     1     1  2713   200]]
Accuracy: 0.852911{'booster': 'gbtree', 'num_class': 12, 'max_depth': 1000, 'eta': 0.9, 'silent': 0, 'base_score': 0.5, 'gamma': 0.1, 'subsample': 1.0, 'nthread': 5, 'objective': 'multi:softmax'}