[[    0     0     0     1     5     0     1     0     0     0   174     8]
 [    0     3     0     4    12     0     2     0     0     0   399    20]
 [    0     0     1     1     9     1     3     0     1     0   293    17]
 [    1     0     0     3    17     5     4     0     3     0   571    25]
 [    0     6     0    12    47     9    17     0     0     0  1307    70]
 [    2     2     1     3    19     8     4     0     0     0   589    46]
 [    0     4     2     8    17     4    15     0     1     1   752    42]
 [    0     0     0     0     0     0     0 37347     0     0     0     0]
 [    0     1     0     1     7     0     1     0     0     0   229    11]
 [    0     0     0     0     0     2     0     0     0     0    49     7]
 [    8    37    25    90   282    88   132     0     9     7 17233   825]
 [    0     7     4    15    60    15    39     0     2     1  2755   175]]
Accuracy: 0.856268{'objective': 'multi:softmax', 'nthread': 5, 'min_child_weight': 0.01, 'base_score': 0.5, 'num_class': 12, 'silent': 0, 'eta': 0.9, 'max_depth': 1000, 'subsample': 1.0, 'gamma': 0.1, 'booster': 'gbtree'}