[[    0     0     0     1     5     0     0     0     0     0   159     6]
 [    0     1     2     3     8     4     2     0     0     0   398    28]
 [    0     4     2     1     3     0     3     0     0     0   271    23]
 [    0     2     1     6    21     6     9     0     1     1   597    31]
 [    0     2     4    20    47     6    12     0     2     0  1318    55]
 [    0     1     2     4    22     7     7     0     0     0   592    40]
 [    0     3     4    11    25     8    10     0     0     0   762    48]
 [    0     0     0     0     0     0     0 37336     0     0     0     0]
 [    0     2     1     1     5     0     1     0     0     0   220    21]
 [    0     0     0     0     1     2     1     0     0     0    54     9]
 [   12    49    20    87   367   102   117     0    18     3 16995   958]
 [    0     8     8    22    61    17    23     0     3     1  2697   203]]
Accuracy: 0.852755{'objective': 'multi:softmax', 'eta': 0.9, 'nthread': 5, 'base_score': 0.5, 'max_depth': 100, 'num_class': 12, 'subsample': 1.0, 'booster': 'gbtree', 'gamma': 0.1, 'silent': 0}