[[    0     0     0     2     5     2     1     0     0     1   153     7]
 [    1     0     1     3     9     2     0     0     0     0   395    31]
 [    0     0     3     3     6     4     7     0     0     0   308    21]
 [    0     0     3     3    20     8    11     0     1     0   599    32]
 [    0     3     8     9    29     9    12     0     2     0  1297    89]
 [    0     3     0     7    21     6     8     0     0     0   602    37]
 [    0     2     3     6    24     8    12     0     3     0   777    57]
 [    0     0     0     0     0     0     0 37351     0     0     0     0]
 [    0     1     0     2     6     3     0     0     0     0   205    16]
 [    0     0     0     0     3     0     1     0     0     0    65     7]
 [   16    34    25    96   343   114   130     0    21     1 17005   940]
 [    3    14     6    13    70    17    30     0     8     0  2600   214]]
Accuracy: 0.853005
clf = xgboost{1000 rounds, 0.9 eta, 0.1 gamma, 25 max_depth}