[[    0     0     0     0     0     0     0     0     0     0   172     0]
 [    0     0     0     0     0     0     0     0     0     0   428     1]
 [    0     0     0     0     0     0     0     0     0     0   303     0]
 [    0     0     0     0     0     0     0     0     0     0   653     0]
 [    0     0     0     1     0     0     0     0     0     0  1490     0]
 [    0     0     0     0     0     0     0     0     0     0   703     0]
 [    0     0     0     0     0     0     0     0     0     0   848     0]
 [    0     0     0     0     0     0     0 37373     0     0     0     0]
 [    0     0     0     0     0     0     0     0     0     0   224     0]
 [    0     0     0     0     0     0     0     0     0     0    63     0]
 [    0     0     0     1     0     0     0     0     0     0 18819     4]
 [    0     0     0     0     0     0     0     0     0     0  2952     1]]
Accuracy: 0.877522{'base_score': 0.5, 'objective': 'multi:softmax', 'booster': 'gblinear', 'subsample': 1.0, 'max_depth': 100, 'eta': 0.9, 'nthread': 5, 'silent': 0, 'num_class': 12, 'gamma': 0.1}