[[    0     0     0     0     3     1     1     0     0     0   149     5]
 [    1     1     0     1    10     2     1     0     0     0   382    22]
 [    1     0     2     2     4     4     4     0     2     0   282    16]
 [    1     0     1     6    16     1     3     0     0     0   575    49]
 [    1     9     2     6    36     9    10     0     2     0  1388    77]
 [    0     1     1     3     9     3     6     0     0     1   622    45]
 [    1     3     0     5    20     4    15     0     0     0   748    47]
 [    0     0     0     0     0     0     0 37393     0     0     0     0]
 [    0     0     1     1     5     1     1     0     0     0   179    18]
 [    0     0     0     0     1     0     0     0     0     0    61     5]
 [   10    40    28   105   275    87   143     0    18     4 17166   830]
 [    3     6     7    23    50    19    19     0     3     4  2740   168]]
Accuracy: 0.855612{'base_score': 0.5, 'objective': 'multi:softmax', 'num_class': 12, 'nthread': 5, 'subsample': 1.0, 'eta': 0.9, 'booster': 'gbtree', 'silent': 0, 'gamma': 0.1, 'min_child_weight': 0.01, 'max_depth': 1000}