[[    0     1     0     0     7     2     2     0     1     0   145    10]
 [    0     4     0     1    11     0     2     0     0     0   377    24]
 [    2     2     0     3     8     3     3     0     0     0   277    20]
 [    2     1     2     5    16     5     7     0     2     0   597    43]
 [    0     2     4    14    46    15    15     0     2     0  1315    70]
 [    2     2     2     7    25     2     8     0     0     2   604    41]
 [    1     1     2     8    25     6    12     0     3     0   726    57]
 [    0     0     0     0     0     0     0 37291     0     0     0     0]
 [    0     0     0     2     2     0     0     0     1     0   185    14]
 [    0     0     0     0     2     2     2     0     0     0    59     5]
 [   10    61    36    91   377   103   162     0    23     4 16977   943]
 [    0     7     4    24    68    24    30     0     5     4  2672   242]]
Accuracy: 0.852333
clf = xgboost{1000 rounds, 0.9 eta, 0.1 gamma, 25 max_depth}