[[    0     0     0     3     1     0     1     0     0     0   142     5]
 [    0     1     0     3     7     7     4     0     0     0   371    32]
 [    1     1     1     3     6     3     1     0     0     0   278    14]
 [    0     0     2    10    16     5    12     0     0     0   600    37]
 [    0     6     2     7    32    10    15     0     2     1  1384    75]
 [    0     1     0     6    14     3     5     0     1     1   616    36]
 [    0     3     2     5    13     7     2     0     2     0   761    44]
 [    0     0     0     0     0     0     0 37433     0     0     0     0]
 [    0     1     0     1     1     4     0     0     0     0   208    19]
 [    0     0     0     1     2     0     1     0     0     1    48     0]
 [   12    38    25    86   280    92   115     0    13     5 17118   883]
 [    1     2     4    12    60    16    28     0     4     0  2715   184]]
Accuracy: 0.855534{'nthread': 5, 'eta': 0.9, 'gamma': 0.1, 'num_class': 12, 'booster': 'gbtree', 'min_child_weight': 0.1, 'base_score': 0.5, 'objective': 'multi:softmax', 'subsample': 1.0, 'silent': 0, 'max_depth': 100}